530070000
600195000
098000060
800060003
400803001
700020006
060000280
000419005
000080079

003020600
900305001
001806400
008102900
700000008
006708200
002609500
800203009
005010300

000260701
680070090
190004500
820100040
004602900
050003028
009300074
040050036
703018000

000907040
080004000
006000503
400000009
000206000
900000007
107000600
000300050
020108000

005000070
070109000
000406005
200000004
000308000
800000009
900502000
000704030
040000200

000603000
050000090
003000006
000050000
001409500
000070000
600000800
020000010
000108000

008000400
100200007
000006090
003000100
000507000
005000200
070900000
600003001
004000800

000402000
007000090
050000008
000100000
002706300
000008000
900000070
030000400
000305000